time,x,y,z,phi,theta,psi,x_velocity,y_velocity,z_velocity,phi_velocity,theta_velocity,psi_velocity,rotor_speed1,rotor_speed2,rotor_speed3,rotor_speed4
0.06,-2.3355146678261307e-07,2.584316497473088e-08,10.00441373051297,3.0138722061145984e-05,0.00021818314741306466,0.0,-2.0594915581595708e-05,2.523948926328068e-06,0.1471160096512442,0.0014885589604153615,0.010065327480224512,0.0,452.35640566011836,453.16600071300974,450.37941214004064,450.49975757786035
0.12000000000000001,-8.561677833979318e-06,1.197037889973358e-06,10.016985799862422,0.0001445620189457486,0.000856872278814258,0.0,-0.00032269189928245683,4.729457139919925e-05,0.271930738736931,0.002731240484548005,0.011779317397125132,0.0,444.74621025211894,444.88642305325726,444.6106381729865,444.7123807127154
0.18,-4.795543141363344e-05,7.539445163507607e-06,10.035578161051887,6.283096005713542,0.0018875637515085586,0.0,-0.0010776402590552162,0.0001658661642856804,0.347793921163934,-0.022433419903893175,0.02623418615536198,0.0,428.6123245696211,429.83879206198037,430.3697777006767,428.23493580821906
0.23999999999999996,-0.00015243372375962346,1.1512788368559056e-05,10.05704614293559,6.281258751320092,0.003508340411093158,0.0,-0.0025490224388339967,-0.00016800796132974743,0.3677986268926479,-0.056877646032597304,0.028526439354008976,0.0,410.8067382045182,411.0101462356548,412.3599427951455,409.305743694502
0.3,-0.000387315046258991,-5.351231028234936e-05,10.082901351181253,6.277716886700858,0.005019526571768296,0.0,-0.005451879923764949,-0.002367161252858003,0.49399309978381933,-0.06372688641628543,0.017492886123429308,0.0,445.41274652236314,444.5097357455047,445.91734445991005,445.3551221170105
0.36000000000000004,-0.0008272810119171333,-0.00032851500405623113,10.116499697063656,6.2743314471419325,0.005610070606134165,0.0,-0.009309354853800536,-0.00718072367731029,0.6258851623623674,-0.044806629362251715,-0.01342507476957384,0.0,448.29231428738046,445.77328757906173,446.57258634482554,448.11073749149125
0.4200000000000001,-0.0015107563789857044,-0.0009719059155263441,10.159128482761393,6.271702578532018,0.005352804066883543,0.0,-0.013417906352961443,-0.014562995473263961,0.7949689704414401,-0.04190109697456869,0.009577953669744685,0.0,457.0120265953826,458.8416469632213,459.4328543814318,459.6621184322218
0.48000000000000015,-0.002411584873210111,-0.002055360259580309,10.206713381929404,6.269132386376448,0.00586060991613202,0.0,-0.016656718214212225,-0.0217723843628431,0.7911939212548255,-0.04477570818743519,0.006135611841897949,0.0,403.7955248244735,403.4847990683652,403.1096346729268,402.84860143486947
0.5400000000000001,-0.0035747270880000753,-0.0037632085428733514,10.264118761715787,6.266066043241786,0.006337053410958582,0.0,-0.02217094884865036,-0.03553740782734031,1.1220477232622805,-0.06841788284654282,0.011326513942173055,0.0,504.40980146543467,504.78435876531483,507.38799188269724,505.6865596115939
0.6000000000000002,-0.005038582789608712,-0.006265306263409125,10.33446326975381,6.261648347249608,0.006857990447326934,0.0,-0.02668550943446877,-0.04829618296664623,1.2226579083709133,-0.08688345163507032,0.0027858809366043745,0.0,438.2423236024538,437.53181587330965,439.69763779092943,438.1608910289176
0.6600000000000003,-0.006783286954981772,-0.00963198932640763,10.411011623177021,6.256705330358182,0.006805217733331759,0.0,-0.03147768817881011,-0.06444528224117069,1.3288234393751424,-0.07463867553609477,-0.009460833585312686,0.0,441.0113224789136,439.9987304558834,439.82433844095954,440.8315363217596
0.7200000000000003,-0.00878426275086204,-0.01395445444337662,10.48977151874177,6.252424748255645,0.00668902719819453,0.0,-0.03519619521362192,-0.07999841147717593,1.2965332569995627,-0.06545757776920676,0.009967339721718774,0.0,393.47035985327614,395.2647645294103,394.43321844747345,395.2754754299137
0.7800000000000004,-0.01104748854727829,-0.019441955728479312,10.571730022245154,6.248305061500098,0.008900088863915911,0.0,-0.04042231487526061,-0.10334571737638014,1.4352363739870755,-0.07598994038896877,0.06519503961305301,0.0,449.33051336393197,453.78567885971563,450.471176566445,449.61522003937455
0.8400000000000004,-0.013676653047865904,-0.026397548647622164,10.661336764351416,6.244564398119305,0.012923118168199466,0.0,-0.047629736892412324,-0.1289263260078177,1.5514828070617575,-0.04373412772336656,0.0705230309029894,0.0,444.50833890233685,444.94805463741056,442.3959262665837,445.0404733090521
0.9000000000000005,-0.01682224654418471,-0.03495362933877554,10.757748770028416,6.242443908914165,0.01710728523254179,0.0,-0.057657394963291926,-0.15651230374934313,1.6620781969137368,-0.022364905207455446,0.06811481264190061,0.0,442.65331913365196,442.4588375700632,442.2110765104191,443.96705860365967
0.9600000000000005,-0.02068884276262293,-0.0452788394172949,10.862589613051044,6.2409435887306515,0.021013752766512184,0.0,-0.07167498941761097,-0.18781020395486286,1.8323413620130231,-0.030891289347458675,0.058293019538551184,0.0,461.3059943848751,460.5327688976899,462.5374510737092,461.8654411024988
1.0200000000000005,-0.0254454383128479,-0.05744371816696621,10.975891425810675,6.238904393916165,0.024760643238905367,0.0,-0.08725145720385029,-0.21787944484127714,1.9441814782059914,-0.041032807720790855,0.06967534145813556,0.0,443.8964579315395,444.83224914366195,444.4287293361323,443.59627718337447
1.0800000000000005,-0.031284709680639684,-0.0715723110625977,11.098450910943297,6.236159765682725,0.029903965974190427,0.0,-0.10793772518002963,-0.25335846143418367,2.1407540399072653,-0.05739271397005806,0.10649963901098582,0.0,469.6738992299984,472.52621130710685,470.42717823094597,469.15756787077135
1.1400000000000006,-0.038300659159003096,-0.08760141276875824,11.226566816239064,6.232652148398017,0.0358341280071901,0.0,-0.12646242730747903,-0.2812434940364434,2.1297600648448416,-0.06068479782819934,0.07553430927450608,0.0,405.4892532175876,402.70701403710177,406.44850960273897,406.150632116486
1.2000000000000006,-0.046780502711355004,-0.10572182211219258,11.360976610714367,6.228984210016932,0.04026896725141249,0.0,-0.156721260004436,-0.32318607583758213,2.350088077735251,-0.06204227502458444,0.07046073078506626,0.0,478.8474349236632,478.46517100686697,477.9746995053168,477.86885784198967
1.2600000000000007,-0.05718931312352304,-0.12645555367213832,11.508766591495723,6.2263791507576585,0.044315583429976435,0.0,-0.19071970545820568,-0.36827629367657305,2.575711646393767,-0.02053482850604841,0.06060281871567445,0.0,481.5020935465693,480.7587790969887,478.91121068776016,482.0565177920085
1.3200000000000007,-0.06946050752246795,-0.149602160816806,11.664005516589183,6.225177887638917,0.048092451328933805,0.0,-0.21865464598981313,-0.4033859475670348,2.5988360095652148,-0.019012892298453234,0.06726571337374397,0.0,419.16670866578295,419.7484465977406,418.60378995226586,418.73620785715366
1.3800000000000008,-0.08358776907726825,-0.17500712103354815,11.822856395779223,6.224333163208694,0.0521819106914263,0.0,-0.25265655517622493,-0.4435337667652932,2.6959310117492596,-0.005689944110414464,0.06988353462924772,0.0,443.5959354292803,443.8143525562988,442.2001240091838,443.2963376350622
1.4400000000000008,-0.09979877758190826,-0.20279025528624833,11.986750219382719,6.223924675785085,0.05619845638945531,0.0,-0.28810415830622915,-0.48259922856934917,2.7669906738261103,-0.009143972302371085,0.06029769523145684,0.0,436.1707878951467,435.3729177110765,435.3891668326838,435.1001977989821
1.5000000000000009,-0.11841141049656703,-0.2331313658223317,12.158357253317114,6.223848581669131,0.059742659821210964,0.0,-0.3327023666364225,-0.5287777332275255,2.9527397455899678,0.011076768035897466,0.05649539084158406,0.0,471.6687187755083,471.3772021008525,470.33921378920246,471.90268360462306
1.560000000000001,-0.1396266396366666,-0.26608925181051407,12.33854315795,6.224481256724246,0.06291408368354023,0.0,-0.37479331779361585,-0.5697399264570348,3.0531616304826845,0.009458391252427312,0.044355251561079084,0.0,446.4614271745653,445.47159509345465,446.7903641688937,446.6582722178262
1.620000000000001,-0.16357042105072858,-0.3016216884391549,12.526948777114072,6.225287430768695,0.06552840990814524,0.0,-0.4236017315192095,-0.6145719405952397,3.226518201883628,0.02039502430037591,0.04195840055230963,0.0,468.82953962556854,468.64422623313527,469.36667427840973,470.21456988041746
1.680000000000001,-0.19004520780316236,-0.3394251484480684,12.71884158854297,6.226378291831901,0.0683209912078393,0.0,-0.4591143442982257,-0.6454661997809886,3.170047549558793,0.013338390088426768,0.05441624853490166,0.0,396.3504022694554,397.4952994327732,395.3479315976589,394.69715801306506
1.740000000000001,-0.2192641879924373,-0.37953158198421827,12.915533431975105,6.227330243683163,0.07158732898425413,0.0,-0.5151998930578819,-0.6912793341329213,3.3856872675474596,0.02049393286352089,0.0544843359941135,0.0,482.8486179398662,482.8554717296881,481.82743466092325,482.3679917509262
1.8000000000000012,-0.2517821971921596,-0.4222504763822483,13.123142452027096,6.22891714164685,0.0751489071779119,0.0,-0.5690778810434075,-0.7325079734141349,3.534123392818358,0.03627917847544814,0.06765985010768297,0.0,462.64873470520166,463.68726535258,464.03784402832184,465.2754801568092
1.8600000000000012,-0.28766180479231224,-0.46743851511875945,13.340263908702761,6.231327134761013,0.0789189162014532,0.0,-0.6273124898881555,-0.7734789821563103,3.702681103167443,0.04698443606627678,0.05082375337302774,0.0,471.2857344158573,469.98514051222486,470.8595196922774,471.6877251427857
1.9200000000000013,-0.3266416218528476,-0.5147222789861307,13.56152334799248,6.234132421764333,0.08182487233259206,0.0,-0.6722734880358984,-0.8024267466518076,3.6727083435369443,0.046291630004964036,0.04316298642319075,0.0,409.31423865111935,408.63350046027125,408.81767574557375,408.7574464945675
1.9800000000000013,-0.3688112643696585,-0.563958612996686,13.786355910513223,6.237134243041314,0.08437985236998191,0.0,-0.7336261239854399,-0.8384523743002728,3.8211919371281007,0.05661697578525676,0.04139738455579692,0.0,466.1513943241537,466.014295560059,465.43721873407765,466.24608734465653
2.0400000000000014,-0.41457102515055094,-0.6152104573489948,14.018352574666348,6.240481117710907,0.0867095507967992,0.0,-0.7919211038669869,-0.8695984363708594,3.91169732721097,0.05405580680543814,0.03312066849954,0.0,448.4853243468078,447.8132494931119,450.4629943102694,450.25788363232044
2.1000000000000014,-0.4638773633721861,-0.6682661837622927,14.255798005514716,6.243811579330293,0.0883511220483868,0.0,-0.8517887463355917,-0.898590978643082,4.002810924681904,0.05826285201490694,0.012187529836594244,0.0,449.97132528259664,448.27355054231515,450.99333274881616,451.33505715718866
2.1600000000000015,-0.5167611830714586,-0.7229751407452583,14.498201314367247,6.2470152334926325,0.0886903964569088,0.0,-0.9110481558046378,-0.924709928376454,4.0770262570887645,0.04124900109795639,-0.012484861152310742,0.0,446.53874649796626,444.521314679553,446.2639063620229,444.8746709920564
2.2200000000000015,-0.5734341424304493,-0.7792857173049296,14.747649208971328,6.249662952519746,0.08757830267466815,0.0,-0.9779108448814972,-0.9520137156598683,4.237317067836878,0.049340729227254944,-0.034773726448864235,0.0,473.0822807009353,471.36283359966046,472.3414014634232,472.9660325996123
2.2800000000000016,-0.6341432253382353,-0.8371950818761981,15.007316436979442,6.252605814878452,0.08539252573266243,0.0,-1.0454363019273973,-0.9779509881306493,4.417588418297676,0.04845532670861439,-0.03996520572447315,0.0,479.502006595616,479.1069244816242,479.7126652867526,479.6467182640437
2.3400000000000016,-0.6989840384013816,-0.8966399747954243,15.279316330334625,6.255999260028387,0.08310117575781373,0.0,-1.115577553331655,-1.0031433036881563,4.648178589067482,0.06917770895186283,-0.03485548134096474,0.0,495.319270828241,495.6943929276755,494.33221283291317,495.8587452232678
2.4000000000000017,-0.7679250953582822,-0.9574925087445425,15.564476809571536,6.259773055860872,0.08096653523645436,0.0,-1.1821536106227455,-1.0247919832453682,4.8563262979482245,0.04577873627269214,-0.03706129195295898,0.0,490.3160670203191,490.1517221157476,491.92342570167114,490.1898518126868
2.4600000000000017,-0.8406833552728651,-1.0195256416474443,15.860526831865329,6.262396460786746,0.07896271670682342,0.0,-1.2428538900377557,-1.04267828190854,5.011351400015883,0.03925990750916102,-0.026925776006849644,0.0,476.3808298303322,477.1549325246682,477.26490597620085,476.7679693382021
2.520000000000002,-0.9165281321453065,-1.0824433340484019,16.15932677862325,6.265000198822861,0.07743180652483694,0.0,-1.2852236074627152,-1.0543994205642366,4.94893655923012,0.05059429118095262,-0.02283386609000403,0.0,409.7748186803845,410.13829020222545,408.25289642850925,409.26435514609483
2.580000000000002,-0.9953980403346421,-1.1461375193868923,16.460877741374677,6.26750096424669,0.0763410120510919,0.0,-1.3436060925870459,-1.0684196915144564,5.102093007147935,0.010378003181786576,-0.010202212827063472,0.0,475.7895089457733,476.7558051984645,479.4013344677741,476.33602778536147
2.640000000000002,-1.0779970415011892,-1.2106783474894212,16.774812806025228,6.268599973482676,0.0754605216153994,0.0,-1.4095295784301043,-1.0828162803553927,5.361204915489757,0.030739027278614363,-0.025593981051324204,0.0,509.2778590209988,508.17573980380087,507.729904410422,509.18867652959983
2.700000000000002,-1.164081145856011,-1.2759664594296067,17.098346841380064,6.270594179187004,0.07434137547581976,0.0,-1.45981434459991,-1.0932729093164104,5.422975460485728,0.037814146136963094,-0.007498894218988337,0.0,452.77540650067806,454.22912306118315,452.79068718001673,453.3600199302616
2.760000000000002,-1.2530985465470694,-1.3418313701600753,17.424646343109096,6.273343261145314,0.07433881532551911,0.0,-1.5074229713210332,-1.1019982718243224,5.453526326388452,0.058318191546404614,0.011774941608629644,0.0,442.50532881846453,444.08939854135156,444.1007018410832,445.7808089420848
2.820000000000002,-1.3450238938500367,-1.40817249168363,17.753370518618684,6.276454184371804,0.07470621756694751,0.0,-1.5568097357603679,-1.1090635217070477,5.503696134158904,0.033978763824651995,-0.008660501095499425,0.0,452.0162234224529,450.36603126549625,450.9944398605012,449.0255051345873
2.880000000000002,-1.4399149368047401,-1.4748846713811066,18.08504745732456,6.278343475132685,0.0738692433618553,0.0,-1.606168711298231,-1.1144955428844725,5.551965582828346,0.025974024409568714,-0.027478076782667026,0.0,450.5706581261154,449.04656810421227,451.55814735174545,450.9121670894346
2.940000000000002,-1.5376370758713538,-1.541882476251735,18.418057027819035,6.279895396159279,0.07198400947442707,0.0,-1.6511122399336693,-1.118635617579737,5.5483842328902355,0.02564714200688575,-0.04077788532219671,0.0,435.0016549207951,433.88588383942295,434.6460429981731,434.61878558874105
3.000000000000002,-1.6383476915823156,-1.6091162322229027,18.75534425573717,6.28126023428025,0.06964356019690499,0.0,-1.7056262727483444,-1.1223340651002156,5.693821704156477,0.016205362432783497,-0.03568378599783822,0.0,480.1728523402852,480.55857002811433,480.5146198113912,479.79820500376997
3.0600000000000023,-1.7418751657625697,-1.6765346231218916,19.095458123941633,6.282269863390756,0.0674393317536559,0.0,-1.7451636951292853,-1.124870719618057,5.6435779750882915,0.018042532283723576,-0.03893122010366217,0.0,420.82874789114663,420.5467921804964,420.5752526944649,420.73431083842155
3.1200000000000023,-1.8480354058859927,-1.744091721106483,19.436888879435898,0.0007679488078675689,0.06518100495207335,0.0,-1.7932785844947519,-1.1268920256551358,5.736998813263637,0.04292345770363276,-0.03517224589975108,0.0,465.18056132175553,465.4742676444516,465.0174040621315,466.96285729050425
3.1800000000000024,-1.9568965804835503,-1.8117347512764348,19.78166732655046,0.003282767929277064,0.06270822949307231,0.0,-1.8352509093332554,-1.1276538736605863,5.755551199157225,0.03981404815198988,-0.05741164478136449,0.0,443.9169812263227,442.086902484844,443.98381061084166,443.72952063130964
3.2400000000000024,-2.0683325886170016,-1.8793737649515958,20.129161169522515,0.005422823071381977,0.05920129615748948,0.0,-1.8789575467555732,-1.126763983737641,5.827255273791927,0.025721748914688557,-0.06060759073566094,0.0,460.39524483503965,460.14001180410105,460.45092378006075,459.3350074640483
3.3000000000000025,-2.182376678443069,-1.9469161678825115,20.48178511936044,0.00652210050804225,0.055808561411155644,0.0,-1.9221628697080593,-1.1245133400714895,5.926404291670866,-0.0036851661526923,-0.04946014147385498,0.0,468.17414997577913,469.0388044335199,470.6003765385606,468.3181464451012
3.3600000000000025,-2.298757588757859,-2.014330410409599,20.836838833886766,0.006667989073357639,0.0526455522328515,0.0,-1.9569831283626549,-1.1226276509515956,5.908841225666215,0.012486204335455926,-0.06018619962044483,0.0,434.9438529970538,434.0424934828085,432.2208454081785,433.58186605205367
3.4200000000000026,-2.4170919152301096,-2.0816374050748223,21.189167426050954,0.007709241409541434,0.04852588953917625,0.0,-1.9872664859204805,-1.1208678540509642,5.835870408486706,0.02564642504035182,-0.09671969938137545,0.0,415.88910714606135,412.67146936162266,415.2857885852861,416.4387554116028
3.4800000000000026,-2.5372912823024603,-2.1488025729255456,21.53943487880445,0.009275891192001673,0.0428178917630726,0.0,-2.018921111933161,-1.1178371917013656,5.839768374711115,0.02702370454921871,-0.09213774802784723,0.0,438.6408672371674,439.01345725139197,439.8792814470452,439.9934868438989
3.5400000000000027,-2.6592880270368235,-2.2157603384001887,21.889691636173364,0.011296944329951764,0.03735138054299103,0.0,-2.0472083078015415,-1.1139307621323928,5.835554667820334,0.04446728077193677,-0.08912704369709576,0.0,437.12476882357265,437.3685197460596,435.3482451720991,436.8061189452696
3.6000000000000028,-2.7828721494275297,-2.2824536405649334,22.23905911761812,0.013895616478476036,0.03185678002205439,0.0,-2.071860180792947,-1.1089617649693593,5.8102374982275204,0.0408932997195173,-0.09698695783077486,0.0,430.85447315718716,430.18191183745364,428.8502921848749,428.5476603907141
3.660000000000003,-2.907941110229529,-2.3487636290749108,22.58987426480991,0.015850719559669102,0.025749816159719607,0.0,-2.096557987891906,-1.1011524382225253,5.883310649873198,0.005581139344558892,-0.11369015044550829,0.0,461.4847148646313,460.1553821117975,460.9805462846,458.18147262112484
3.720000000000003,-3.0342922917046433,-2.414628649300275,22.94165430890049,0.01646644023135657,0.018740775340915228,0.0,-2.114641036532862,-1.0943016084169783,5.842986308898167,0.01827996094343146,-0.12394087888553225,0.0,425.80763949908567,424.91663188357063,423.79811915640386,424.88835161609734
3.780000000000003,-3.1617337862135457,-2.4799618968300794,23.29748961795813,0.017809714106635788,0.010827583553846054,0.0,-2.132587380633538,-1.0833474091638575,6.0173890043317115,0.029545465354904182,-0.15669293985091332,0.0,491.0863253856569,488.63542233743027,489.91521554579316,490.75223986475265
3.840000000000003,-3.2900114326139596,-2.544726718465183,23.65705808937942,0.01934909678671559,0.0013530141512410054,0.0,-2.1426389686422285,-1.0753399544234428,5.968607460349349,0.016450338370943635,-0.16045737769583784,0.0,423.85227796862273,423.5035560315251,423.15645774011074,422.02757902128747
3.900000000000003,-3.4187502186834,-2.609012844886959,24.012433501543867,0.020690238246473314,6.275168971421596,0.0,-2.1480066076215802,-1.067430682138926,5.877828269562262,0.03211141099189029,-0.1487124898794175,0.0,407.4544477995444,408.47776811877543,407.5653407902513,408.9630784448326
3.960000000000003,-3.5476973783565997,-2.6728324900182483,24.360914248342034,0.0222864811518777,6.266349848069865,0.0,-2.1496781697133995,-1.0597538877774146,5.739009530458666,0.012330446914406257,-0.1437411932972912,0.0,389.7706376851874,390.2115157241741,390.68008819536436,388.8311483388636
4.020000000000002,-3.6765700575326017,-2.7360925125299236,24.704622628626712,0.023456518085637867,6.257649283430192,0.0,-2.1453859667787922,-1.048823560483326,5.718134868768082,0.03095075384353212,-0.1476714205876324,0.0,428.88566433172747,428.5311356930319,427.48005839064666,429.06411120643406
4.080000000000001,-3.805076675841547,-2.7987007615058945,25.04588914178652,0.02612951440957012,6.248403296150219,0.0,-2.137489735507692,-1.0379249268018393,5.657811336319535,0.06311898983360037,-0.17177865536017722,0.0,416.73636854052614,414.59848595169,412.76832764950126,415.5992122276006
4.14,-3.932864347943952,-2.8605336972214146,25.386321507604602,0.029723814459734044,6.237886982015304,0.0,-2.121184412802583,-1.022837263355913,5.689881745578759,0.05254906996501428,-0.18336589331339756,0.0,444.29681759985414,443.3158233243429,445.1067055745785,444.2431937446759
4.199999999999998,-4.059518885084281,-2.9214188704136816,25.727944351845153,0.03325394307665164,6.227571099958585,0.0,-2.0997292793075966,-1.0063707669578277,5.697603717387501,0.0691163272408698,-0.15554118240973935,0.0,434.89126018048023,437.1863174221417,436.46568206969545,437.8488456419108
4.259999999999997,-4.184590209482405,-2.9811781153019665,26.072155462733825,0.037134850818437926,6.218142325731591,0.0,-2.0684284522912413,-0.9852183743645027,5.775787957069314,0.05388401867534648,-0.16056205369991539,0.0,459.0720575586702,458.65084364293597,458.9790076215704,457.7711834189498
4.319999999999996,-4.307452075572259,-3.0395116366803077,26.423241522010194,0.04005922019959929,6.207966811081782,0.0,-2.0259631522865873,-0.9589171578926122,5.92638669234216,0.03569841576231419,-0.20174606137717507,0.0,482.61983568891145,479.47392335669457,481.4995259944519,480.12277601757984
4.379999999999995,-4.427463717176548,-3.0961690796546084,26.78426379435035,0.042600330342768444,6.195851002935074,0.0,-1.9731374879919852,-0.9294260331706866,6.106819829808502,0.053124881367062705,-0.20230021601775275,0.0,491.1316331792884,491.05479503877945,490.1100909573835,491.4045420474735
4.439999999999993,-4.544199863697477,-3.1510749679507013,27.15423400110031,0.04551927505132358,6.184502289707407,0.0,-1.9169128942158218,-0.9004708631396988,6.224944106121739,0.0377243795426342,-0.17102172646006059,0.0,473.290019205559,475.65839583194673,475.0116447527215,473.83022349547474
4.499999999999992,-4.657305275472668,-3.2041731006369814,27.53153434491315,0.04734133036710286,6.174466199387048,0.0,-1.8522596213122478,-0.869267335058535,6.351078209022679,0.008577317454386292,-0.16066460990012543,0.0,477.7264284842825,478.4909717031794,478.9849588151909,476.76298662396204
4.559999999999991,-4.766714235838903,-3.255534963682716,27.912830992132207,0.04774255927665294,6.165036181129675,0.0,-1.7938594306399813,-0.8427448946686434,6.3587740483574295,0.0026099161158520943,-0.1509642959608847,0.0,442.02418569900294,442.79943213248237,443.83423879538833,443.34399918528254
4.6199999999999894,-4.8725010430217335,-3.3053173664683575,28.29416358480788,0.048094717600092096,6.155936121316424,0.0,-1.7315636451275862,-0.816633574299163,6.352335777384431,0.011699802152842075,-0.15311100008454823,0.0,438.22033997118774,438.0197835297425,438.621277758664,439.3756003549703
4.679999999999988,-4.9741719569186955,-3.35344320024611,28.676768287125824,0.048604919012931624,6.147274377360233,0.0,-1.6566391612290778,-0.78750667982537,6.400861152151169,0.0011897959820421316,-0.13096865731978583,0.0,454.31504100184503,456.0679822466995,457.09887174586953,456.26026972852026
4.739999999999987,-5.071494216006597,-3.3999221625897107,29.06000994301613,0.04884406371207817,6.139462187053827,0.0,-1.586733227767649,-0.7617624504445282,6.373961306236201,0.00906158049890645,-0.12871608842649052,0.0,432.3768662007019,432.5505894361162,432.1943725466355,432.8574024529654
4.799999999999986,-5.164540082688828,-3.444868008091676,29.44124699950652,0.04898914992519199,6.1317555411511755,0.0,-1.5141020173143218,-0.736381819427046,6.334096468412423,-0.016178718222682874,-0.127906153372223,0.0,427.5875493230021,427.64076984980596,429.4826628300134,427.3360490839706
4.859999999999984,-5.252588735328932,-3.4881304919019773,29.823357491761175,0.04870390347004161,6.124208404906696,0.0,-1.4201305427802366,-0.7057650900885319,6.402470586998868,0.011644595702131893,-0.12185389179882918,0.0,461.60928339621825,462.07296115541624,461.59347744218263,463.78443621542596
4.919999999999983,-5.335323897093475,-3.529700149144978,30.20658350872164,0.04922048542414359,6.1167451268347826,0.0,-1.3370292344295767,-0.6798258828175322,6.37180709904687,0.0017187626941241258,-0.13000414508506813,0.0,432.17539648526287,431.4731289480239,431.98626327053046,431.14817221699417
4.979999999999982,-5.413230247184951,-3.569790363163575,30.58622934794295,0.04920401606676794,6.108863212096962,0.0,-1.259146270735761,-0.6564819211748764,6.283427926713385,-0.004593357152726157,-0.1342334555331444,0.0,412.3114877113752,411.92023127393355,412.25799577553875,411.69976023764576
5.0399999999999805,-5.485186787954867,-3.608162100721981,30.967015519462578,0.048710813222538896,6.100436679180685,0.0,-1.1386127857747252,-0.6226436524916519,6.408636315769053,-0.016693785375457078,-0.15726057989987308,0.0,480.55153374788694,478.7853377027123,480.0561835207588,479.13707498485314
